Afghanistan,1908.00,2011.00,2318.00,2386.00,2516.00,2535.00,2401.00,2516.00,2450.00,2543.00,2459.00,1991.00,1991.00,1991.00,1991.00,1991.00,1991.00,1991.00,1991.00
Albania,9726.00,10208.00,10526.00,10571.00,11259.00,11662.00,12078.00,13040.00,13897.00,14451.00,14171.00,16154.00,18164.00,19566.00,20739.00,21953.00,23230.00,24564.00,25985.00
Algeria,13097.00,13480.00,13264.00,13003.00,12940.00,11945.00,11543.00,11459.00,11636.00,11730.00,11167.00,11869.00,12900.00,13682.00,14228.00,14684.00,15060.00,15415.00,15787.00
Andorra,50888.00,52326.00,51193.00,50930.00,52686.00,52748.00,55695.00,56352.00,57560.00,58720.00,52514.00,58284.00,66155.00,68232.00,69042.00,69692.00,70295.00,70826.00,71378.00
Angola,6586.00,6700.00,7389.00,7644.00,8123.00,7274.00,7027.00,7210.00,7038.00,6877.00,6362.00,6518.00,6944.00,7077.00,7257.00,7430.00,7608.00,7788.00,7981.00
Antigua and Barbuda,21444.00,21224.00,20414.00,19532.00,19714.00,19498.00,20431.00,20231.00,21798.00,22807.00,18780.00,20607.00,23575.00,25449.00,27062.00,28379.00,29369.00,30358.00,31391.00
Argentina,18064.00,19322.00,19641.00,20132.00,19684.00,20105.00,20308.00,23597.00,23294.00,23008.00,20793.00,23817.00,26484.00,26506.00,27576.00,28759.00,29897.00,30972.00,32014.00
Armenia,7282.00,7778.00,9094.00,9564.00,9792.00,9753.00,10502.00,11974.00,12948.00,14216.00,13377.00,14770.00,17795.00,19745.00,21200.00,22599.00,24072.00,25613.00,27260.00
Aruba,33725.00,35324.00,34121.00,35954.00,35736.00,36078.00,36250.00,37690.00,39453.00,39130.00,30305.00,40751.00,48341.00,51352.00,53196.00,54988.00,56759.00,58539.00,60410.00
Australia,41763.00,43130.00,42908.00,46524.00,46994.00,46342.00,48043.00,49650.00,51470.00,52630.00,52116.00,56979.00,62026.00,64674.00,66098.00,67915.00,69909.00,71959.00,74091.00
Austria,42466.00,44469.00,46478.00,47937.00,48814.00,49955.00,52660.00,54394.00,56603.00,58663.00,55329.00,59917.00,66889.00,69069.00,70821.00,73101.00,75587.00,77895.00,79909.00
Azerbaijan,14771.00,14905.00,16063.00,17300.00,17551.00,15026.00,14448.00,14185.00,14608.00,15112.00,14541.00,15965.00,17800.00,18694.00,19370.00,20017.00,20670.00,21326.00,22009.00
Bahamas,31048.00,31568.00,32664.00,31775.00,33238.00,33724.00,34047.00,36023.00,37572.00,37565.00,28805.00,34769.00,42023.00,44950.00,46299.00,47473.00,48675.00,49808.00,50996.00
Bahrain,47117.00,50673.00,54489.00,54035.00,51938.00,45627.00,44834.00,47486.00,49589.00,52244.00,50863.00,53359.00,58426.00,60715.00,62751.00,64425.00,65775.00,67114.00,68494.00
Bangladesh,3144.00,3378.00,3759.00,3993.00,4293.00,4564.00,4887.00,5227.00,5699.00,6062.00,6397.00,7070.00,7971.00,8673.00,9414.00,10189.00,11006.00,11869.00,12801.00
Barbados,16278.00,16444.00,15425.00,15433.00,15252.00,15603.00,16006.00,15829.00,16074.00,16236.00,14222.00,14795.00,17339.00,18738.00,19860.00,20775.00,21610.00,22388.00,23200.00
Belarus,15355.00,16545.00,18097.00,18997.00,19017.00,18111.00,17787.00,18335.00,19410.00,20084.00,20250.00,21780.00,22679.00,24017.00,25012.00,25798.00,26603.00,27463.00,28294.00
Belgium,40162.00,41082.00,42409.00,43755.00,45043.00,46365.00,48680.00,50727.00,52660.00,54545.00,51989.00,57578.00,63268.00,65813.00,67650.00,69652.00,71605.00,73580.00,75679.00
Belize,9615.00,9519.00,9015.00,9180.00,9078.00,9104.00,8903.00,8573.00,8698.00,8967.00,7625.00,8993.00,10564.00,11166.00,11529.00,11822.00,12114.00,12400.00,12695.00
Benin,2303.00,2350.00,2427.00,2591.00,2746.00,2793.00,2901.00,2934.00,3113.00,3290.00,3365.00,3661.00,4048.00,4305.00,4552.00,4786.00,5031.00,5281.00,5545.00
Bhutan,6268.00,6943.00,7600.00,7894.00,8382.00,9239.00,10068.00,10852.00,11478.00,12150.00,11903.00,11907.00,13219.00,14297.00,14920.00,15765.00,16797.00,17460.00,18252.00
Bolivia,5177.00,5473.00,5937.00,6645.00,7081.00,7160.00,7528.00,8456.00,8897.00,9129.00,8324.00,9096.00,9936.00,10340.00,10625.00,10924.00,11214.00,11511.00,11818.00
Bosnia and Herzegovina,9566.00,9971.00,10292.00,11038.00,11268.00,11850.00,12758.00,13420.00,14302.00,15000.00,14754.00,16585.00,18518.00,19634.00,20734.00,21850.00,23002.00,24195.00,25457.00
Botswana,12395.00,13249.00,12323.00,13103.00,14339.00,13421.00,15277.00,14657.00,15322.00,15759.00,14304.00,16449.00,18323.00,19394.00,20312.00,21281.00,22222.00,23180.00,24211.00
Brazil,14673.00,15491.00,15556.00,16169.00,16352.00,15380.00,14915.00,15243.00,15806.00,16206.00,15806.00,17250.00,18897.00,20079.00,20729.00,21435.00,22145.00,22885.00,23655.00
Brunei,80669.00,84001.00,88312.00,84019.00,81806.00,62922.00,56638.00,60720.00,60759.00,62190.00,65043.00,67048.00,70576.00,72610.00,76864.00,80633.00,84633.00,88859.00,93153.00
Bulgaria,14794.00,15792.00,16376.00,16692.00,17670.00,18459.00,20146.00,21617.00,22893.00,24414.00,23874.00,27156.00,31857.00,33780.00,35853.00,37900.00,40011.00,42153.00,44420.00
Burkina Faso,1455.00,1537.00,1568.00,1629.00,1638.00,1658.00,1832.00,1988.00,2111.00,2211.00,2221.00,2413.00,2549.00,2683.00,2841.00,2987.00,3129.00,3262.00,3402.00
Burundi,656.00,675.00,685.00,735.00,772.00,838.00,794.00,771.00,779.00,784.00,773.00,809.00,856.00,890.00,936.00,983.00,1028.00,1077.00,1123.00
Cape Verde,6127.00,6427.00,6282.00,6249.00,6213.00,6468.00,6923.00,7373.00,7868.00,8465.00,6813.00,7487.00,9263.00,9909.00,10463.00,11033.00,11625.00,12249.00,12909.00
Cambodia,2438.00,2636.00,2912.00,3110.00,3272.00,3501.00,3817.00,4101.00,4468.00,4835.00,4723.00,5034.00,5613.00,6087.00,6541.00,7029.00,7557.00,8094.00,8678.00
Cameroon,2814.00,2892.00,2959.00,3130.00,3313.00,3396.00,3527.00,3665.00,3804.00,3902.00,3874.00,4091.00,4431.00,4661.00,4846.00,5039.00,5239.00,5446.00,5666.00
Canada,40018.00,41716.00,42351.00,44360.00,45812.00,44703.00,46554.00,48688.00,50539.00,51668.00,49113.00,53570.00,58316.00,59813.00,61318.00,63218.00,64782.00,66268.00,67829.00
Central African Republic,967.00,1013.00,1102.00,738.00,720.00,787.00,851.00,913.00,956.00,985.00,990.00,1025.00,1081.00,1109.00,1138.00,1180.00,1222.00,1263.00,1301.00
Chad,1821.00,1800.00,1736.00,1574.00,1684.00,1820.00,1682.00,1600.00,1627.00,1663.00,1600.00,1604.00,1724.00,1807.00,1863.00,1903.00,1942.00,1981.00,2023.00
Chile,18870.00,20236.00,21459.00,22296.00,22651.00,22553.00,22659.00,23671.00,24761.00,24920.00,23266.00,26861.00,29221.00,29935.00,30911.00,32064.00,33269.00,34510.00,35821.00
China,9160.00,10181.00,11137.00,11905.00,12496.00,12926.00,13432.00,14152.00,15412.00,16567.00,17135.00,19411.00,21404.00,23309.00,24839.00,26401.00,28035.00,29626.00,31237.00
Colombia,11009.00,11893.00,12306.00,13025.00,13627.00,13611.00,14352.00,14764.00,15237.00,15636.00,14406.00,16490.00,18720.00,19482.00,20111.00,20909.00,21817.00,22738.00,23705.00
Comoros,2261.00,2341.00,2510.00,2628.00,2701.00,2684.00,2826.00,2980.00,3079.00,3105.00,3058.00,3177.00,3363.00,3464.00,3535.00,3614.00,3703.00,3795.00,3883.00
Democratic Republic of the Congo,630.00,670.00,674.00,791.00,894.00,946.00,989.00,1087.00,1130.00,1164.00,1161.00,1248.00,1409.00,1510.00,1565.00,1629.00,1693.00,1764.00,1831.00
Republic of the Congo,6252.00,6364.00,7437.00,7123.00,6959.00,5445.00,4824.00,5310.00,5183.00,5205.00,4822.00,4967.00,5276.00,5552.00,5785.00,5945.00,6135.00,6333.00,6543.00
Costa Rica,12932.00,13606.00,14368.00,15035.00,16077.00,17080.00,18503.00,19712.00,20483.00,21131.00,20280.00,22612.00,25000.00,26809.00,28025.00,29225.00,30455.00,31703.00,33010.00
Ivory Coast,3489.00,3303.00,3563.00,3834.00,4237.00,4558.00,4672.00,4814.00,5038.00,5324.00,5348.00,5828.00,6486.00,6960.00,7395.00,7824.00,8263.00,8701.00,9156.00
Croatia,20614.00,21092.00,21461.00,22134.00,22363.00,23341.00,25260.00,27183.00,28875.00,30570.00,28446.00,35078.00,40128.00,42873.00,45087.00,47191.00,49353.00,51508.00,53770.00
Cyprus,33853.00,33849.00,31996.00,30313.00,29978.00,31955.00,36012.00,38643.00,41349.00,43829.00,41884.00,46249.00,51774.00,53931.00,56600.00,58953.00,61421.00,63902.00,66485.00
Czech Republic,28010.00,29027.00,29270.00,30813.00,32542.00,33933.00,36051.00,38916.00,40982.00,42803.00,40946.00,45085.00,47955.00,49025.00,50889.00,53592.00,56301.00,58932.00,61750.00
Denmark,43204.00,44483.00,44893.00,46829.00,48040.00,49265.00,52160.00,55673.00,57821.00,59480.00,58628.00,65261.00,71332.00,74958.00,77480.00,79721.00,82034.00,84323.00,86683.00
Djibouti,3592.00,3872.00,3961.00,4107.00,4301.00,4563.00,4695.00,4905.00,5181.00,5483.00,5545.00,5971.00,6502.00,6985.00,7475.00,7945.00,8403.00,8881.00,9392.00
Dominica,10038.00,10336.00,10158.00,10344.00,11015.00,11140.00,11962.00,11666.00,12363.00,12777.00,10627.00,11811.00,13293.00,14348.00,15271.00,16157.00,16857.00,17537.00,18246.00
Dominican Republic,11672.00,12158.00,12208.00,12818.00,13859.00,15186.00,16626.00,17301.00,18775.00,19899.00,18642.00,21681.00,24117.00,25523.00,27231.00,28936.00,30715.00,32561.00,34532.00
Ecuador,9091.00,9843.00,10280.00,11106.00,11658.00,11015.00,11009.00,11624.00,11882.00,11925.00,10986.00,11800.00,12818.00,13285.00,13642.00,13997.00,14375.00,14842.00,15325.00
Egypt,10531.00,10694.00,12275.00,12344.00,11948.00,12607.00,12279.00,11756.00,12432.00,13221.00,13527.00,14380.00,16174.00,17123.00,17786.00,18686.00,19685.00,20799.00,22010.00
El Salvador,6199.00,6543.00,6623.00,6967.00,7333.00,7712.00,8174.00,8618.00,9025.00,9407.00,8761.00,10143.00,11097.00,11717.00,12172.00,12627.00,13084.00,13542.00,14019.00
Equatorial Guinea,32711.00,34024.00,37303.00,34531.00,33483.00,23903.00,20353.00,22450.00,20798.00,19330.00,18033.00,18176.00,19465.00,18363.00,17237.00,16398.00,15604.00,15201.00,14979.00
Eritrea,1284.00,1625.00,1669.00,1507.00,1992.00,1589.00,1701.00,1537.00,1759.00,1836.00,1836.00,1836.00,1836.00,1836.00,1836.00,1836.00,1836.00,1836.00,1836.00
Estonia,22360.00,24557.00,25996.00,27465.00,28928.00,29184.00,31310.00,33903.00,35907.00,37884.00,37933.00,42465.00,44630.00,45236.00,47383.00,49667.00,52148.00,54740.00,57423.00
Eswatini,7951.00,8239.00,8450.00,8901.00,8997.00,9024.00,8932.00,8651.00,8980.00,9296.00,9172.00,10230.00,11217.00,11859.00,12392.00,12895.00,13378.00,13854.00,14350.00
Ethiopia,1141.00,1268.00,1361.00,1444.00,1707.00,1876.00,2134.00,2303.00,2484.00,2698.00,2838.00,3083.00,3435.00,3719.00,3975.00,4249.00,4548.00,4866.00,5217.00
Fiji,8679.00,9056.00,9660.00,10379.00,11358.00,12401.00,12563.00,13317.00,14079.00,14169.00,11843.00,11706.00,14950.00,16564.00,17505.00,18413.00,19314.00,20240.00,21176.00
Finland,39357.00,41016.00,40969.00,41587.00,41836.00,42570.00,44995.00,47622.00,49234.00,50687.00,50072.00,53897.00,58445.00,59869.00,61600.00,63598.00,65798.00,68081.00,70517.00
France,37352.00,38790.00,39037.00,40952.00,41576.00,42289.00,44422.00,46370.00,48195.00,49792.00,46444.00,51479.00,56305.00,58765.00,60735.00,62905.00,65014.00,67024.00,69054.00
Gabon,14967.00,15763.00,15487.00,15235.00,15500.00,14834.00,14490.00,15303.00,15598.00,16266.00,15970.00,16718.00,18206.00,19165.00,19866.00,20538.00,21291.00,22039.00,22837.00
Gambia,2435.00,2216.00,2200.00,2121.00,2027.00,2067.00,2069.00,2073.00,2210.00,2320.00,2295.00,2450.00,2670.00,2837.00,2992.00,3135.00,3258.00,3383.00,3513.00
Georgia,7542.00,8322.00,9799.00,10610.00,11583.00,12100.00,12855.00,13596.00,14584.00,15611.00,14772.00,16997.00,20243.00,22357.00,24036.00,25886.00,27862.00,29960.00,32094.00
Germany,40101.00,42541.00,43359.00,44994.00,47011.00,47622.00,50574.00,53374.00,55029.00,56488.00,54989.00,59255.00,64086.00,66038.00,68129.00,70894.00,73667.00,76032.00,78211.00
Ghana,4071.00,4623.00,5152.00,5321.00,5595.00,5233.00,5021.00,5148.00,5482.00,5823.00,5811.00,6256.00,6752.00,6905.00,7071.00,7357.00,7674.00,8001.00,8343.00
Greece,27954.00,25629.00,24818.00,25896.00,26541.00,26676.00,27489.00,28518.00,29766.00,30918.00,28518.00,32433.00,37526.00,39864.00,41593.00,43054.00,44575.00,46007.00,47460.00
Grenada,10865.00,11117.00,11164.00,11887.00,13042.00,14152.00,15026.00,16218.00,17242.00,17583.00,15292.00,16640.00,18843.00,20195.00,21337.00,22427.00,23490.00,24460.00,25477.00
Guatemala,6529.00,6794.00,7018.00,7183.00,7458.00,7849.00,7847.00,7915.00,8220.00,8538.00,8336.00,9223.00,10076.00,10595.00,10998.00,11400.00,11820.00,12252.00,12715.00
Guinea,1550.00,1628.00,1615.00,1680.00,1671.00,1685.00,1928.00,2250.00,2390.00,2507.00,2595.00,2778.00,3025.00,3241.00,3415.00,3590.00,3764.00,3940.00,4120.00
Guinea-Bissau,1469.00,1586.00,1513.00,1530.00,1576.00,1874.00,1976.00,2253.00,2343.00,2439.00,2453.00,2669.00,2911.00,3088.00,3247.00,3407.00,3574.00,3745.00,3907.00
Guyana,8357.00,8958.00,10444.00,10998.00,10943.00,11205.00,11268.00,11965.00,12725.00,13606.00,19717.00,24662.00,42699.00,61099.00,78841.00,95245.00,117304.00,144299.00,166290.00
Haiti,2619.00,2765.00,2719.00,2902.00,2911.00,2841.00,3018.00,3080.00,3160.00,3117.00,3009.00,3045.00,3161.00,3186.00,3260.00,3331.00,3401.00,3468.00,3538.00
Honduras,3779.00,3928.00,4033.00,4142.00,4453.00,4823.00,5146.00,5558.00,5808.00,5965.00,5406.00,6247.00,6832.00,7163.00,7429.00,7707.00,8010.00,8323.00,8649.00
Hong Kong,48996.00,51999.00,52082.00,53454.00,54605.00,56267.00,56903.00,59668.00,62230.00,62015.00,59454.00,66352.00,67880.00,72861.00,76154.00,79461.00,82718.00,85885.00,89069.00
Hungary,22054.00,22997.00,23240.00,24509.00,25664.00,26771.00,27894.00,29833.00,32254.00,34447.00,33326.00,37479.00,42121.00,43601.00,46037.00,48565.00,51225.00,53969.00,56870.00
Iceland,39548.00,41009.00,42154.00,44673.00,46239.00,49471.00,53943.00,56945.00,59392.00,60109.00,55391.00,59724.00,67176.00,69833.00,72492.00,75380.00,77862.00,80277.00,82878.00
India,4160.00,4467.00,4828.00,5017.00,5187.00,5412.00,5778.00,6112.00,6591.00,6898.00,6518.00,7368.00,8398.00,9183.00,9892.00,10635.00,11426.00,12271.00,13173.00
Indonesia,8657.00,9213.00,9834.00,10188.00,10399.00,10359.00,10619.00,11074.00,11800.00,12484.00,12235.00,13159.00,14687.00,15836.00,16843.00,17876.00,18962.00,20096.00,21310.00
Iran,18649.00,19283.00,17041.00,16238.00,16106.00,14328.00,15282.00,15806.00,15692.00,15298.00,15831.00,17158.00,18865.00,19942.00,20694.00,21320.00,21949.00,22570.00,23216.00
Iraq,12217.00,13075.00,14843.00,15414.00,14027.00,10494.00,9598.00,10916.00,11402.00,11920.00,10351.00,10708.00,11948.00,11742.00,12048.00,12464.00,12830.00,13149.00,13471.00
Ireland,43756.00,45073.00,46231.00,47728.00,51133.00,69057.00,71164.00,78203.00,85796.00,90779.00,97205.00,115885.00,132359.00,137638.00,143179.00,149045.00,154298.00,159549.00,165002.00
Israel,29469.00,31173.00,32101.00,34409.00,34374.00,35429.00,37718.00,39026.00,40806.00,42294.00,41540.00,46643.00,51990.00,54771.00,56678.00,58663.00,60862.00,63128.00,65525.00
Italy,35416.00,36251.00,36143.00,36289.00,36461.00,37176.00,40231.00,42112.00,43617.00,44704.00,41342.00,46534.00,51827.00,54259.00,56016.00,57919.00,59877.00,61801.00,63723.00
Jamaica,8263.00,8531.00,8586.00,8895.00,9047.00,9347.00,9818.00,10287.00,10707.00,10992.00,10019.00,10938.00,12302.00,12995.00,13513.00,14004.00,14487.00,14971.00,15475.00
Japan,35535.00,36215.00,37629.00,39437.00,39604.00,40959.00,40641.00,41409.00,42762.00,43448.00,42273.00,45279.00,49090.00,52120.00,54103.00,55827.00,57483.00,59095.00,60776.00
Jordan,9461.00,9403.00,9189.00,9322.00,9181.00,9465.00,9446.00,10052.00,10302.00,10526.00,10388.00,11025.00,12055.00,12809.00,13442.00,14098.00,14753.00,15398.00,15806.00
Kazakhstan,19071.00,20634.00,21878.00,24326.00,24546.00,23057.00,23654.00,24699.00,25989.00,27295.00,26582.00,27987.00,30523.00,32712.00,34476.00,36394.00,37393.00,38870.00,40367.00
Kenya,2839.00,2977.00,3107.00,3406.00,3698.00,4072.00,4353.00,4650.00,4923.00,5135.00,5061.00,5581.00,6151.00,6577.00,6957.00,7349.00,7760.00,8188.00,8639.00
Kiribati,1537.00,1569.00,1655.00,1729.00,1718.00,1880.00,1863.00,1870.00,1986.00,1949.00,1917.00,2129.00,2271.00,2381.00,2457.00,2527.00,2592.00,2656.00,2721.00
South Korea,30988.00,32547.00,33557.00,34244.00,35325.00,37908.00,39567.00,41001.00,43021.00,44619.00,44819.00,48935.00,53845.00,56709.00,59349.00,61975.00,64659.00,67338.00,70104.00
Kosovo,7234.00,7829.00,8002.00,8372.00,8687.00,9445.00,9974.00,10393.00,11022.00,11843.00,11256.00,13240.00,14658.00,15767.00,16760.00,17773.00,18815.00,19877.00,21004.00
Kuwait,61770.00,66970.00,72412.00,69421.00,63214.00,42736.00,40084.00,45834.00,46818.00,45859.00,43299.00,44865.00,51238.00,51765.00,53758.00,55964.00,57268.00,58563.00,59902.00
Kyrgyzstan,3103.00,3320.00,3654.00,4083.00,4326.00,4259.00,4728.00,5094.00,5297.00,5523.00,5093.00,5499.00,6127.00,6438.00,6724.00,6980.00,7251.00,7519.00,7799.00
Laos,3872.00,4206.00,4794.00,5242.00,5828.00,6126.00,6798.00,7209.00,7728.00,8110.00,8060.00,8474.00,9207.00,9787.00,10269.00,10765.00,11288.00,11843.00,12453.00
Latvia,17857.00,19110.00,21181.00,22514.00,23724.00,24872.00,26591.00,28571.00,30674.00,32267.00,32142.00,35290.00,39167.00,40892.00,42997.00,45371.00,47845.00,50404.00,53110.00
Lebanon,14963.00,14669.00,14813.00,14967.00,15017.00,15065.00,15462.00,15954.00,15936.00,15108.00,11390.00,10872.00,11794.00,11794.00,11794.00,11794.00,11794.00,11794.00,11794.00
Lesotho,2268.00,2416.00,2454.00,2749.00,2992.00,3204.00,3083.00,2832.00,2843.00,2818.00,2725.00,2864.00,3092.00,3235.00,3344.00,3455.00,3553.00,3640.00,3722.00
Liberia,1002.00,1067.00,1154.00,1329.00,1358.00,1258.00,1370.00,1532.00,1550.00,1501.00,1440.00,1543.00,1690.00,1789.00,1882.00,1995.00,2114.00,2238.00,2391.00
Libya,32515.00,16811.00,27459.00,23055.00,20274.00,21710.00,21521.00,23949.00,26211.00,23460.00,16599.00,22040.00,21104.00,24382.00,26528.00,28631.00,30120.00,31022.00,32002.00
Lithuania,20670.00,22885.00,24704.00,26722.00,28184.00,28842.00,30922.00,33827.00,36369.00,38836.00,39323.00,43455.00,47107.00,49245.00,52200.00,55128.00,58135.00,60998.00,63973.00
Luxembourg,94560.00,95684.00,97750.00,102120.00,106564.00,109155.00,114498.00,116621.00,118604.00,121846.00,119927.00,132472.00,141333.00,143304.00,145826.00,149327.00,152982.00,156164.00,159458.00
Macau,97052.00,119403.00,129876.00,145947.00,141807.00,108260.00,109178.00,120249.00,128291.00,125027.00,57667.00,71857.00,55209.00,98157.00,125511.00,144916.00,155131.00,162199.00,169676.00
Madagascar,1602.00,1613.00,1591.00,1592.00,1609.00,1595.00,1652.00,1625.00,1668.00,1716.00,1566.00,1679.00,1817.00,1907.00,1988.00,2066.00,2146.00,2223.00,2303.00
Malawi,1331.00,1385.00,1348.00,1445.00,1406.00,1333.00,1347.00,1357.00,1410.00,1471.00,1462.00,1553.00,1628.00,1668.00,1712.00,1762.00,1821.00,1884.00,1951.00
Malaysia,20526.00,21702.00,22963.00,23225.00,24273.00,24074.00,24780.00,25897.00,27495.00,29097.00,27934.00,30032.00,34834.00,37083.00,39069.00,41133.00,43292.00,45323.00,47483.00
Maldives,14528.00,15835.00,16436.00,18250.00,20338.00,21931.00,23410.00,24927.00,27145.00,29046.00,19285.00,28092.00,33663.00,37094.00,39173.00,41858.00,44442.00,46956.00,49435.00
Mali,1732.00,1767.00,1707.00,1754.00,1848.00,1957.00,2103.00,2154.00,2238.00,2313.00,2242.00,2339.00,2514.00,2639.00,2740.00,2852.00,2960.00,3066.00,3177.00
Malta,28405.00,29063.00,30424.00,32560.00,34755.00,37922.00,40137.00,44868.00,47756.00,50161.00,44804.00,52418.00,59408.00,63481.00,66716.00,70079.00,73576.00,77130.00,80912.00
Marshall Islands,2941.00,2987.00,3037.00,3247.00,3325.00,3500.00,3699.00,4052.00,4540.00,5237.00,5175.00,5420.00,5497.00,5823.00,6085.00,6282.00,6464.00,6628.00,6798.00
Mauritania,4549.00,4716.00,4755.00,5099.00,4662.00,4586.00,5159.00,5636.00,5913.00,6207.00,6095.00,6382.00,7113.00,7542.00,7949.00,8485.00,8789.00,9171.00,9516.00
Mauritius,15912.00,16877.00,17192.00,18107.00,18875.00,19744.00,21313.00,22149.00,23571.00,24691.00,21352.00,23109.00,26934.00,29349.00,31158.00,32880.00,34676.00,36489.00,38407.00
Mexico,16567.00,17248.00,17987.00,18153.00,18797.00,19032.00,20030.00,20481.00,21167.00,21275.00,19501.00,21369.00,23548.00,24976.00,25876.00,26574.00,27365.00,28211.00,29114.00
Federated States of Micronesia,2879.00,3027.00,3021.00,2955.00,2936.00,3097.00,3151.00,3291.00,3372.00,3467.00,3408.00,3477.00,3693.00,3922.00,4129.00,4284.00,4415.00,4539.00,4643.00
Moldova,6370.00,6882.00,7329.00,8345.00,8789.00,9222.00,10527.00,11362.00,12332.00,13241.00,12524.00,15175.00,15710.00,16916.00,18367.00,20030.00,21828.00,23761.00,25873.00
Mongolia,7470.00,8782.00,10074.00,10375.00,10850.00,10442.00,10519.00,11137.00,12058.00,12733.00,12088.00,12641.00,13996.00,15088.00,15900.00,16563.00,17240.00,17926.00,18734.00
Montenegro,13753.00,14472.00,13864.00,14870.00,15371.00,16336.00,18198.00,19703.00,21209.00,22473.00,19303.00,22787.00,25862.00,28002.00,29677.00,31224.00,32763.00,34341.00,36004.00
Morocco,6990.00,7418.00,7421.00,7674.00,7352.00,7905.00,7944.00,8193.00,8557.00,8870.00,8256.00,9226.00,9900.00,10408.00,10926.00,11397.00,11888.00,12407.00,12955.00
Mozambique,959.00,1023.00,1036.00,1085.00,1139.00,1291.00,1364.00,1284.00,1324.00,1340.00,1303.00,1354.00,1469.00,1584.00,1654.00,1723.00,1776.00,1992.00,2214.00
Myanmar,2887.00,3085.00,3454.00,3830.00,4130.00,4224.00,4141.00,4333.00,4685.00,5054.00,5247.00,4470.00,4847.00,5124.00,5349.00,5566.00,5793.00,6042.00,6337.00
Namibia,8515.00,9000.00,9512.00,9901.00,10633.00,10793.00,10578.00,10317.00,10478.00,10382.00,9490.00,10081.00,11080.00,11603.00,11972.00,12323.00,12668.00,13002.00,13347.00
Nauru,4991.00,5467.00,7255.00,7423.00,7966.00,7260.00,7616.00,7133.00,8054.00,9366.00,9689.00,10221.00,10930.00,11169.00,11352.00,11626.00,11881.00,12126.00,12387.00
Nepal,2153.00,2264.00,2474.00,2656.00,2888.00,2932.00,2926.00,3496.00,3809.00,4088.00,3973.00,4293.00,4787.00,4934.00,5226.00,5535.00,5849.00,6175.00,6523.00
Netherlands,45274.00,46703.00,47342.00,49314.00,49338.00,50419.00,52441.00,55509.00,57849.00,59687.00,57698.00,63774.00,70728.00,73317.00,75541.00,78022.00,80586.00,83171.00,85857.00
New Zealand,31393.00,32374.00,32734.00,35469.00,36997.00,36972.00,39254.00,40919.00,42609.00,43957.00,43013.00,47433.00,51962.00,53809.00,55034.00,56718.00,58513.00,60389.00,62342.00
Nicaragua,3969.00,4254.00,4347.00,4539.00,4879.00,5240.00,5651.00,5973.00,5849.00,5722.00,5744.00,6580.00,7229.00,7642.00,7990.00,8346.00,8715.00,9090.00,9484.00
Niger,1061.00,1066.00,1156.00,1125.00,1139.00,1145.00,1148.00,1163.00,1227.00,1276.00,1289.00,1316.00,1518.00,1579.00,1730.00,1812.00,1890.00,1968.00,2050.00
Nigeria,4766.00,4968.00,5000.00,5225.00,5507.00,5426.00,5235.00,5190.00,5279.00,5353.00,5192.00,5483.00,5909.00,6148.00,6322.00,6486.00,6653.00,6816.00,6986.00
North Macedonia,11197.00,11683.00,11909.00,12717.00,13424.00,13885.00,15128.00,15640.00,16463.00,17421.00,16882.00,18363.00,20129.00,21391.00,22576.00,23837.00,25150.00,26506.00,27942.00
Norway,61074.00,62210.00,65519.00,67157.00,66085.00,60558.00,59075.00,63310.00,64957.00,66455.00,66118.00,71376.00,78014.00,82236.00,84851.00,87104.00,89573.00,91893.00,94321.00
Oman,51191.00,48921.00,49100.00,47045.00,44764.00,36735.00,33678.00,34082.00,35030.00,35132.00,35724.00,37784.00,38699.00,39336.00,40022.00,40762.00,41640.00,42362.00,43102.00
Pakistan,4225.00,4360.00,4534.00,4651.00,4774.00,4924.00,5049.00,5159.00,5483.00,5642.00,5551.00,6015.00,6695.00,6774.00,6961.00,7214.00,7534.00,7898.00,8282.00
Palau,11189.00,12119.00,12896.00,12979.00,13847.00,15059.00,15426.00,15143.00,15691.00,16150.00,15335.00,13842.00,14515.00,15170.00,17448.00,19922.00,21045.00,21881.00,22652.00
Panama,15625.00,17459.00,19274.00,21482.00,23659.00,26196.00,28842.00,31622.00,33086.00,34290.00,28201.00,33671.00,39397.00,42738.00,44883.00,47035.00,49267.00,51549.00,53950.00
Papua New Guinea,2892.00,2830.00,2862.00,2959.00,3350.00,3532.00,3686.00,3810.00,3811.00,3970.00,3815.00,2973.00,3252.00,3403.00,3581.00,3690.00,3799.00,3905.00,4018.00
Paraguay,9974.00,10455.00,9957.00,10980.00,11355.00,11373.00,11907.00,12434.00,12956.00,12952.00,12834.00,13759.00,14535.00,15533.00,16270.00,17002.00,17703.00,18412.00,19154.00
Peru,9542.00,10240.00,10565.00,11115.00,11357.00,11464.00,12030.00,12635.00,13312.00,13436.00,12001.00,14073.00,15310.00,15894.00,16534.00,17218.00,17900.00,18588.00,19307.00
Philippines,5677.00,5919.00,6360.00,6688.00,7045.00,7278.00,7789.00,8199.00,8794.00,9364.00,8467.00,9231.00,10495.00,11326.00,12127.00,12988.00,13914.00,14906.00,15986.00
Poland,21154.00,22659.00,23589.00,24306.00,25312.00,26816.00,28165.00,30055.00,32604.00,34669.00,34425.00,38587.00,43624.00,45538.00,47700.00,50404.00,53148.00,55930.00,58864.00
Portugal,26638.00,26769.00,26438.00,27936.00,28742.00,29669.00,31604.00,33086.00,34903.00,36473.00,33847.00,37346.00,42692.00,45227.00,46903.00,49001.00,51080.00,53153.00,55306.00
Puerto Rico,30929.00,31824.00,32583.00,33173.00,33683.00,34007.00,34300.00,34627.00,34972.00,36197.00,35525.00,36725.00,40285.00,41682.00,42755.00,43836.00,45046.00,46884.00,48376.00
Qatar,145599.00,163740.00,169698.00,161194.00,143222.00,97846.00,84269.00,91743.00,93883.00,94883.00,91574.00,100168.00,109160.00,114210.00,118148.00,124394.00,130706.00,140755.00,146611.00
Romania,17494.00,18755.00,19772.00,19641.00,20592.00,21570.00,23832.00,27021.00,29505.00,31380.00,30751.00,34245.00,38703.00,41029.00,43747.00,46620.00,49662.00,52859.00,56214.00
Russia,21516.00,22784.00,24279.00,26045.00,25731.00,24062.00,24104.00,25999.00,27390.00,28500.00,28217.00,31271.00,33253.00,35310.00,36562.00,37737.00,38931.00,40129.00,41382.00
Rwanda,1356.00,1465.00,1499.00,1555.00,1721.00,1823.00,1905.00,2004.00,2176.00,2369.00,2266.00,2566.00,2904.00,3137.00,3344.00,3571.00,3823.00,4086.00,4386.00
Samoa,4743.00,4987.00,4848.00,4897.00,4982.00,5190.00,5631.00,5794.00,5874.00,6215.00,6060.00,5845.00,5883.00,6544.00,6888.00,7219.00,7530.00,7815.00,8085.00
San Marino,63060.00,58184.00,54797.00,53898.00,55875.00,56138.00,58103.00,59522.00,61541.00,63590.00,59724.00,71068.00,79633.00,84135.00,86894.00,89529.00,92176.00,94797.00,97517.00
So Tom and Prncipe,2969.00,3022.00,2783.00,3029.00,3309.00,3212.00,3343.00,3440.00,3589.00,3657.00,3715.00,3867.00,4067.00,4147.00,4251.00,4378.00,4354.00,4505.00,4664.00
Saudi Arabia,58875.00,63746.00,64421.00,61410.00,61684.00,52913.00,49230.00,52488.00,56664.00,58416.00,53938.00,60033.00,66836.00,68453.00,71365.00,74394.00,76792.00,79191.00,81518.00
Senegal,2653.00,2670.00,2739.00,2742.00,2831.00,2971.00,3076.00,3204.00,3389.00,3511.00,3508.00,3801.00,4117.00,4325.00,4684.00,5124.00,5346.00,5571.00,5815.00
Serbia,13095.00,13742.00,13929.00,14624.00,14657.00,14932.00,15856.00,16621.00,17884.00,19095.00,19298.00,21893.00,24564.00,26074.00,27575.00,29504.00,31405.00,33405.00,35491.00
Seychelles,18914.00,20948.00,21565.00,22369.00,24683.00,25101.00,28499.00,30379.00,32664.00,34633.00,31852.00,33831.00,39079.00,41829.00,44057.00,46272.00,48563.00,50911.00,53247.00
Sierra Leone,1134.00,1203.00,1405.00,1747.00,1788.00,1599.00,1678.00,1634.00,1694.00,1778.00,1729.00,1843.00,2009.00,2097.00,2201.00,2314.00,2416.00,2519.00,2629.00
Singapore,75390.00,80052.00,82065.00,83002.00,84423.00,86975.00,89495.00,95334.00,100643.00,102631.00,100226.00,118887.00,127563.00,133108.00,138545.00,144145.00,149953.00,155741.00,161836.00
Slovakia,25092.00,26288.00,27010.00,28032.00,29044.00,30076.00,29759.00,30984.00,32961.00,34348.00,33589.00,36792.00,40211.00,42228.00,44259.00,46425.00,48675.00,50941.00,53339.00
Slovenia,28181.00,28969.00,29066.00,29990.00,30883.00,31647.00,33947.00,36680.00,39216.00,41047.00,39536.00,44433.00,48757.00,51407.00,53698.00,56239.00,58977.00,61789.00,64762.00
Solomon Islands,1946.00,2077.00,2089.00,2177.00,2184.00,2183.00,2266.00,2318.00,2376.00,2399.00,2290.00,2321.00,2325.00,2411.00,2464.00,2527.00,2588.00,2649.00,2712.00
Somalia,1231.00,1231.00,1231.00,1116.00,1281.00,1490.00,1627.00,1703.00,1747.00,1793.00,1722.00,1808.00,1928.00,1998.00,2062.00,2126.00,2192.00,2261.00,2336.00
South Africa,12885.00,13362.00,13191.00,13591.00,13595.00,13697.00,13738.00,13839.00,14183.00,14269.00,13400.00,14534.00,15728.00,16211.00,16625.00,16975.00,17283.00,17577.00,17881.00
South Sudan,3129.00,3129.00,1341.00,1578.00,1488.00,1410.00,852.00,459.00,446.00,444.00,408.00,437.00,456.00,476.00,493.00,515.00,537.00,559.00,584.00
Spain,31597.00,31872.00,31725.00,32463.00,33559.00,34955.00,37329.00,39648.00,41354.00,42587.00,38124.00,42407.00,47711.00,50472.00,52272.00,54239.00,56112.00,57943.00,59813.00
Sri Lanka,8483.00,9347.00,10619.00,11244.00,11707.00,12208.00,13057.00,13584.00,14084.00,14217.00,13664.00,14621.00,14267.00,14267.00,14267.00,14267.00,14267.00,14267.00,14267.00
Saint Kitts and Nevis,21570.00,22133.00,21018.00,21847.00,23533.00,23391.00,24339.00,25286.00,26159.00,27426.00,23498.00,24089.00,27767.00,29893.00,31408.00,32667.00,33854.00,35046.00,36289.00
Saint Lucia,12652.00,13448.00,13290.00,13724.00,13991.00,13817.00,14609.00,15264.00,16013.00,16204.00,12498.00,14504.00,17840.00,18973.00,19730.00,20457.00,21099.00,21671.00,22263.00
Saint Vincent and the Grenadines,10659.00,10802.00,10941.00,11482.00,11891.00,12035.00,13012.00,12975.00,13698.00,14025.00,13666.00,14376.00,16216.00,17840.00,19136.00,20261.00,21209.00,22156.00,23151.00
Sudan,4282.00,5198.00,3929.00,3935.00,4509.00,4438.00,5569.00,4705.00,4573.00,4409.00,4195.00,4294.00,4366.00,3605.00,3604.00,3838.00,3992.00,4141.00,4295.00
Suriname,14453.00,15363.00,16890.00,17909.00,18301.00,16963.00,14778.00,17880.00,18997.00,19292.00,16311.00,16380.00,17498.00,18311.00,19052.00,19778.00,20521.00,21268.00,22047.00
Sweden,42499.00,44450.00,45259.00,46099.00,46937.00,48858.00,50062.00,52413.00,54132.00,55667.00,54895.00,60461.00,66091.00,66209.00,67530.00,69930.00,72259.00,74554.00,76978.00
Switzerland,56152.00,57787.00,59750.00,62062.00,63813.00,65613.00,67691.00,68920.00,72045.00,73658.00,72404.00,79148.00,86262.00,89537.00,92519.00,94806.00,97653.00,99882.00,102793.00
Syria,6374.00,6374.00,6374.00,6374.00,6374.00,6374.00,6374.00,6374.00,6374.00,6374.00,6374.00,6374.00,6374.00,6374.00,6374.00,6374.00,6374.00,6374.00,6374.00
Taiwan,38404.00,40533.00,41741.00,43435.00,45494.00,46911.00,47272.00,48501.00,51013.00,53487.00,56119.00,62965.00,69290.00,72485.00,76326.00,80016.00,83710.00,87371.00,90873.00
Tajikistan,2294.00,2459.00,2709.00,3004.00,3304.00,2958.00,3089.00,3238.00,3495.00,3745.00,3884.00,4356.00,4943.00,5361.00,5658.00,5931.00,6216.00,6511.00,6824.00
Tanzania,2067.00,2210.00,2099.00,2195.00,2243.00,2348.00,2479.00,2528.00,2687.00,2841.00,2930.00,3120.00,3394.00,3595.00,3788.00,3985.00,4213.00,4459.00,4720.00
Thailand,13197.00,13519.00,14871.00,15408.00,15480.00,15822.00,16616.00,17423.00,18537.00,19214.00,18238.00,19295.00,21154.00,22491.00,23708.00,24912.00,26140.00,27408.00,28753.00
Timor-Leste,1970.00,2084.00,2361.00,2491.00,2724.00,2913.00,3141.00,3162.00,3168.00,3925.00,5169.00,5598.00,7064.00,3747.00,3706.00,3845.00,3981.00,4119.00,4264.00
Togo,1574.00,1656.00,1677.00,1739.00,1818.00,1885.00,1928.00,1970.00,2063.00,2151.00,2170.00,2346.00,2594.00,2768.00,2910.00,3052.00,3205.00,3361.00,3527.00
Tonga,4126.00,4488.00,4633.00,4753.00,4965.00,5100.00,5518.00,5814.00,5974.00,6129.00,6245.00,6357.00,6686.00,7127.00,7491.00,7830.00,8131.00,8402.00,8682.00
Trinidad and Tobago,30928.00,31321.00,31326.00,31074.00,31374.00,29091.00,27359.00,27596.00,27972.00,28472.00,26140.00,26890.00,29050.00,30719.00,31946.00,33254.00,34342.00,35324.00,36326.00
Tunisia,10679.00,10557.00,10692.00,10710.00,10945.00,10735.00,10898.00,11138.00,11578.00,11847.00,10833.00,11705.00,12723.00,13249.00,13694.00,14185.00,14729.00,15289.00,15878.00
Turkey,17376.00,19460.00,20504.00,22221.00,23946.00,25691.00,26514.00,28242.00,29360.00,29714.00,30493.00,35061.00,39314.00,41888.00,43624.00,45424.00,47297.00,49213.00,51240.00
Turkmenistan,15034.00,17027.00,17096.00,16673.00,17210.00,16850.00,16038.00,17512.00,17903.00,17105.00,16480.00,17750.00,19028.00,19939.00,20551.00,21113.00,21670.00,22231.00,22824.00
Tuvalu,2880.00,3120.00,3009.00,3186.00,3287.00,3617.00,3812.00,4100.00,4240.00,4894.00,4728.00,5010.00,5376.00,5766.00,6076.00,6323.00,6564.00,6795.00,7034.00
Uganda,2416.00,2570.00,2373.00,2395.00,2441.00,2417.00,2363.00,2383.00,2499.00,2670.00,2582.00,2769.00,3062.00,3222.00,3383.00,3601.00,3788.00,3942.00,4105.00
Ukraine,8296.00,8959.00,9389.00,10749.00,10804.00,10225.00,11216.00,11943.00,12727.00,13450.00,13214.00,14428.00,12886.00,14304.00,14878.00,15693.00,16642.00,17208.00,18127.00
United Arab Emirates,69545.00,74235.00,76070.00,76671.00,79192.00,69534.00,67896.00,69377.00,71498.00,72527.00,71496.00,75714.00,84657.00,88962.00,92954.00,97020.00,101299.00,105746.00,110534.00
United Kingdom,36404.00,37245.00,38330.00,39989.00,41288.00,42613.00,44226.00,46284.00,47918.00,49292.00,44239.00,49591.00,54824.00,56836.00,58227.00,60324.00,62516.00,64597.00,66580.00
United States,48586.00,50008.00,51737.00,53246.00,55084.00,56730.00,57840.00,59879.00,62788.00,65077.00,63577.00,70160.00,76343.00,80412.00,83063.00,85877.00,88935.00,92052.00,95302.00
Uruguay,18147.00,19389.00,19572.00,20563.00,21584.00,21707.00,22187.00,22909.00,23411.00,23923.00,22638.00,24817.00,27770.00,28984.00,30507.00,31926.00,33291.00,34610.00,35919.00
Uzbekistan,5580.00,5888.00,6107.00,6355.00,6551.00,6740.00,6856.00,6898.00,7356.00,7793.00,7898.00,8696.00,9634.00,10316.00,10909.00,11513.00,12136.00,12786.00,13469.00
Vanuatu,2357.00,2426.00,2440.00,2438.00,2504.00,2481.00,2586.00,2739.00,2821.00,2898.00,2697.00,2743.00,2890.00,2940.00,2983.00,3045.00,3094.00,3136.00,3164.00
Venezuela,16693.00,17494.00,18553.00,18862.00,18209.00,17014.00,14213.00,12322.00,10678.00,8169.00,5766.00,6165.00,7302.00,7985.00,8560.00,8560.00,8560.00,8560.00,8560.00
Vietnam,5357.00,5826.00,6400.00,6763.00,7281.00,7635.00,8316.00,9086.00,9894.00,10608.00,10931.00,11604.00,13284.00,14285.00,15318.00,16569.00,17899.00,19319.00,20860.00
Palestine,3698.00,4035.00,4720.00,4826.00,5192.00,5612.00,5945.00,6025.00,6090.00,6129.00,5372.00,5862.00,6364.00,6642.00,6821.00,6970.00,7093.00,7214.00,7341.00
Yemen,3953.00,3421.00,3306.00,3487.00,3446.00,2437.00,2173.00,2048.00,2060.00,2089.00,1891.00,1913.00,2035.00,2053.00,2095.00,2237.00,2377.00,2511.00,2643.00
Zambia,3136.00,3267.00,3358.00,3506.00,3463.00,3353.00,3323.00,3395.00,3508.00,3515.00,3362.00,3572.00,3894.00,4068.00,4224.00,4383.00,4555.00,4746.00,4953.00
Zimbabwe,1884.00,2175.00,2386.00,2546.00,2577.00,2643.00,2668.00,2312.00,2450.00,2296.00,2105.00,2338.00,2603.00,2750.00,2858.00,2962.00,3064.00,3164.00,3164.00